000011111111111111111111111111111111111111110000
000011111111111111111111111111111111111111110000
000011111111111111111111111111111111111111110000
000011111111111111111111111111111111111111110000
000011111111111111111111111111111111111111110000
000011111111111111111111111111111111111111110000
000011111111111111111111111111111111111111110000
000011111111111111111111111111111111111111110000
000011111111111111111111111111111111111111110000
000011111111111111111111111111111111111111110000
000011111111111111111111111111111111111111110000
000011111111111111111111111111111111111111110000
000011111111111111111111111111111111111111110000
000011111111111111111111111111111111111111110000
000011111111111111111111111111111111111111110000
000011111111111111111111111111111111111111110000
